,target,colsample_bytree,learning_rate,max_bin,max_depth,min_child_samples,min_child_weight,min_split_gain,n_estimators,num_leaves,reg_alpha,reg_lambda,subsample
59,-0.0038922807349568624,0.8917373929630471,0.24500027172142597,70.9814966491525,44.94143384599287,22.87803129227507,27.7388476493627,0.011988510114721847,132.8631090679715,35.975283470799425,0.1187827505392131,0.292573051238491,1.1079797030983372
75,-0.004203340274089617,1.0,0.3620781192831409,30.231359567839807,39.63608954907376,27.42964880964847,23.310542741622534,0.006799078009552414,166.22188278521404,46.9055366536404,0.01,0.01,0.1
38,-0.004304814363855811,0.9546466022721272,0.40147285863874976,28.73581462137849,11.232380076440249,6.853395466352721,24.378336379926058,0.015532444968307073,56.53800913174563,50.0499048248442,0.3174813792762679,0.9825932748000135,0.6066135340881068
15,-0.004378364681355338,0.8148587535107823,0.21096383590492476,76.51177760518732,4.9256523998927815,13.755439830348507,24.14265643684399,0.020149993979709447,129.69487177158834,33.856867001805355,0.9255598906953572,0.2706638027822399,0.22532607229964519
14,-0.0044027085928134944,0.8031647308266652,0.5692825856493948,35.149428885605275,59.32835311033448,29.407515743044048,11.40429716458925,0.05554387369267179,150.3402140267679,41.807809139925155,0.27227036208618133,0.07567148608415715,0.8031599760368019
19,-0.004491403204267626,0.9223672226961109,0.9054869263899405,48.68862525259666,33.23446214520202,40.13157596644993,8.571636980139253,0.04953509873937285,121.82650999094628,5.854330155295965,0.5975465941146708,0.4393395854995637,1.6339850048811988
22,-0.00454203503171574,0.9322397150272999,0.3233583158399097,68.72493512482079,27.6015622483876,19.723034849544344,12.324399416530575,0.04074647876348452,66.889869461864,39.20556523561658,0.4359447981130517,0.9740640571479797,1.387821693725191
68,-0.004628631210335244,0.8669726674269942,0.4084394692159261,56.06678289452914,7.12276406020888,9.715175460931256,20.295276812591048,0.01816701259569265,59.26223606363274,46.56267128768264,0.28511878877578006,1.0,0.23991135609510095
69,-0.004641498868772905,1.0,0.37914992032873823,70.5071796190234,11.203645909263184,17.511351687276886,10.767791877005662,0.06250079800131228,55.20554348549907,20.505703477935114,0.08720260130895577,0.7221360779642034,0.1
77,-0.00464708839656427,1.0,0.4476809708952901,69.77777048774885,12.986006673387005,18.970607831989646,0.9448289654518707,0.001,52.25787564248763,56.78591448714637,0.01,0.01,0.1
74,-0.0046835346348658175,0.8389384158158887,0.07149402344165252,21.362954167564805,51.444105323522066,12.623545101764302,11.511211511016162,0.1,161.87601300457203,28.79375690738387,0.32844221400045637,0.10027606629145305,0.1
42,-0.004728584958412699,0.8035470809862302,0.41417282858616017,82.55339362358534,11.922693497872809,35.391949958059215,7.210744709911681,0.057847689795245114,73.05258145805384,8.1330419715558,0.2365255342507721,0.6674615298012455,1.0447751773850094
80,-0.0047623871754732235,0.941431383336299,0.501557749064503,99.14446745340074,9.20483022652771,11.834368236859603,6.803638578691729,0.04261990733733064,119.45268007858064,50.936902922051296,0.9658214566655703,0.4322214942951102,0.6025414705789033
47,-0.004781495162117867,0.836234922326867,0.6871214184303348,47.67844159073057,54.97253251777412,32.573693153092655,0.15729460556021035,0.048958416105923185,172.566972189032,50.67197635205367,0.6526626551413531,0.6769614396596454,1.1991492015994811
43,-0.004802587908889826,0.7595079920368394,0.1755454299588136,59.218005896894354,59.80845208728439,41.02492033078947,17.83121927766695,0.09762291776475959,180.80470401051764,37.7584363481455,0.042102062061312534,0.10264132485930594,0.22420625858023013
79,-0.004847207129736267,1.0,0.967588874008998,37.03398243510631,48.55833917388277,16.267552440974814,28.145522263545597,0.004636162023718688,146.32196421559237,9.27334978344329,0.06792131544385364,0.49512881090872235,0.1
97,-0.0049004346738235815,0.9372130619699944,0.941413390453401,33.77711597285925,48.196119370037025,20.841982984904515,29.844991669880898,0.0454001475320138,156.66261793916559,29.476631844052854,0.7761762552571108,0.4720777159245371,0.7595241398877428
27,-0.004952053257317002,0.7579285084842649,0.4776638460627326,19.50380618885051,37.68656767268451,27.656495821882967,19.624154995387634,0.015310008472341322,151.54792434137255,17.212702688995748,0.5241583061223727,0.7874430679394028,0.14242781318443173
67,-0.0050112369822133945,0.9549034719283082,1.0,81.80166437411106,45.624425135558596,36.31605858112951,20.316952444215072,0.001,130.7476107316472,54.487354037245964,0.01,0.10822545958930754,1.746438750268747
93,-0.005032688759850339,0.9547154899494623,1.0,74.8627824146285,14.66150270874399,26.31488771462553,23.836699823799712,0.08662754787837523,68.94864310283646,26.35775550653487,0.5990597880644875,0.01,0.1
78,-0.005054997220161297,1.0,1.0,75.88150065325958,16.386661895078294,28.941472274350506,29.911759159960884,0.001,52.15819387255649,41.27907608290858,0.01,0.24223718345923395,0.14960617712183147
26,-0.005060365199041048,0.628559146891098,0.11178040944328517,23.331459541815722,30.475466070054278,36.700697730755216,6.245912332819904,0.025555322279345843,171.07601561259156,27.871679504714002,0.6205182164836839,0.24132947784685757,0.29373779290901514
73,-0.005093366553084746,1.0,1.0,85.22750117754616,4.948503853719964,24.82747864100217,9.785338746299042,0.001,64.63513530471319,42.51314865582371,0.01,0.01,0.4039098279117302
96,-0.005118461645596521,0.7637436558692375,0.679580431848694,73.56660763640082,23.759441971408357,32.99265785627004,24.501274728161107,0.1,52.08816913890174,9.643576074457261,0.472886887451127,0.16404885136087036,0.1
52,-0.005179074314382011,0.920121481233729,0.4807078570706969,93.63953271092744,57.03206440963516,32.559307541870524,13.215595193852062,0.08084899203036268,25.643593066794832,32.64413348879894,0.7478286172239427,0.34704733388557385,1.4037221933223178
90,-0.0052180191014970494,0.9115708962658462,0.41233946430625273,66.36721719316213,58.83244251351346,6.349603514339524,3.9597863143127348,0.002110308660446097,150.709689723983,38.47633217420806,0.7691332174333303,0.1879797453071669,0.23956290840353078
94,-0.005253355083383175,0.9402953814144975,0.893988895758744,57.10692616839611,21.82910502178784,18.516282063667063,22.507049048259642,0.05276642315152245,55.35919283312742,29.88799419957475,0.25175218269823657,0.3392983603266726,0.1
72,-0.0052640639937756185,0.9918485067677878,0.6884002072608703,70.00769663215587,19.999143214281432,39.57489398617298,6.549032903776334,0.015871550880241513,61.69889048788522,47.5228215861775,0.03275395663533473,0.6469508381311809,0.7783867053472965
63,-0.005295799316787848,0.9505800219598232,1.0,90.9131515823165,54.358914785241026,20.043766644449263,16.803560453465387,0.09160955089065272,144.0682046250965,29.794872006297577,0.26193681367726557,0.01,0.1
16,-0.005304500194165153,0.8675329816443347,0.7724058515137036,91.24250598783479,55.9863520826134,1.6836270758042537,7.030939147434003,0.06206105734316411,190.0581825340852,57.25968655858938,0.5610866563132049,0.9164502862686118,1.3189757969980413
81,-0.005392012367918831,1.0,0.895947327231567,61.15813973158671,39.90266042219586,25.47593024746534,24.44485768102156,0.0926864227959256,32.01854164202052,5.0,0.01,1.0,0.1
24,-0.00540242338265271,0.7862442585958032,0.7334093827622236,54.3061046090853,46.48215071961139,28.87404154453106,13.971349786771567,0.0349262018873749,18.3008229412573,25.785829863045493,0.08882981692126983,0.9829889425931405,0.44506441752845116
57,-0.005448260043840208,0.7504273063899563,1.0,66.82928166075672,55.89734170013006,35.48234907809755,8.211623231631265,0.030192078901022056,138.96771073466903,42.1007624198572,0.8954266417443759,0.8133553452980641,0.8561795596920864
65,-0.005448817667391213,0.8761057714118231,0.9017754545448255,92.43538868324583,25.81417038431704,4.960222003484918,23.917731138045166,0.07025310000377537,54.342537389402445,34.57309740319887,0.8544820658239053,0.3847977054346338,0.2930696371860467
98,-0.005528447776970853,1.0,1.0,57.671349479531415,25.26024554948729,18.966372362387418,17.59386271320811,0.0021570648493804898,53.14662619170546,55.4855438783622,0.2034286976376436,0.5447315705247577,0.9385713799615418
46,-0.005562879784204021,0.8774457285302664,0.46439392611639535,16.858141595609247,19.43758133103092,25.721439315348736,20.215502855605227,0.07724484567489713,30.415477286099083,6.260332222730997,0.5238914989898695,0.8118888235557922,0.123947157356765
88,-0.005567535623692996,0.7419820779288938,0.17122463122592066,92.05304994423027,29.052670474899518,35.24499133325895,22.88859869587102,0.09009223295519878,56.296715453755276,23.946983603799236,0.7771521439034194,0.25138531701301425,1.6775382377072883
21,-0.005592529092922104,0.6882901573728872,0.9738097548199642,62.448029592535036,49.901902670860885,29.160863730697013,18.84232314160068,0.029272051887873702,119.43250142793617,46.2511970036463,0.8597306980647519,0.7575313665830034,1.4263087720498757
58,-0.005665227499470075,0.7465005427101514,0.24120915225951706,87.08778062914585,25.559741506707596,32.62609877337046,10.454679575369841,0.09193182185833769,38.2417631038799,9.184269039219638,0.26694206694105915,0.2860939092989995,0.8376292815294482
95,-0.005693775516527541,0.7955465111665918,1.0,72.85995963405001,20.669513045721633,6.0341584999781865,29.9079405778361,0.024107936711767707,61.089677479488714,37.87699711912609,0.7679169558099217,0.48990431880982016,0.1
62,-0.00580365984389135,0.7130890001174914,0.9109374031499814,26.186052874138035,2.244297979841346,19.677953037205377,8.514136790696238,0.036736972547292905,171.55673171118698,5.907108580693623,0.1434613450664344,0.5270470199898514,1.5973967927859296
25,-0.005809453690729657,0.9059293488602699,0.8750866833109422,70.39925897666461,34.60017035197717,8.887600403964829,14.006453994896914,0.03517203306436629,48.8827917737465,37.58815278211882,0.3191471393248978,0.9171424979336672,1.8283074974079585
37,-0.005869388338852019,0.9755968927451022,0.9054966316690752,80.61685948451559,55.00118487497246,8.132353326761455,4.731986323109012,0.019575535617340968,126.38670094848462,54.8195222804566,0.990055626575483,0.7140112341781578,1.490420777370361
86,-0.005905281406020024,0.8006730479359002,0.8322054866214621,88.11784164798611,60.0,21.983314172036973,3.1128952637520957,0.1,161.543071549791,28.76628908060813,0.01,0.01,0.1
84,-0.00592790628798629,0.825585809585642,0.44432010170265335,70.8466870422913,58.632368543637774,48.293670675785215,29.108781063089225,0.06423376799430942,122.29391445934253,33.20506177983437,0.3124566989398522,0.9174459865415263,1.7324445320672166
56,-0.005987392223066732,0.6172228794373461,0.4245410792157832,41.67931035241175,39.79019903254963,27.79021315529073,6.5101630169566755,0.001,156.48648645403105,26.329957142334163,0.5427047108301465,0.7526337675087387,0.1
92,-0.006089219752188822,1.0,1.0,67.20595420795952,8.005220275239065,25.789044137624828,15.406282422984717,0.0021081080204894283,66.3677652550407,47.79686446938344,0.01,0.01,0.1
45,-0.0060984118780735425,0.7460359007467792,0.7303611198790142,49.51969256088037,27.986890049276468,7.745474306334555,0.3267609252309893,0.07606954778722262,67.39080342514728,59.14108976064309,0.22803188389756446,0.34532094522686285,1.0954026577656502
83,-0.006138525994125691,1.0,1.0,19.669475876784613,45.68869754712057,33.45801053536951,0.0001,0.1,162.97726416181266,52.14727770932782,0.01,0.01,0.1
89,-0.006258133748042205,0.8547866163832153,1.0,97.24746169109746,60.0,26.531534975557726,4.18240038929622,0.1,137.75624244602037,47.297754554876974,0.3934901607479262,0.2287800611084025,0.1
87,-0.0063651683010395865,1.0,0.8682077896474737,44.352781913989844,22.538546490617314,10.544148974738642,16.339439266997772,0.001,174.1482333288025,22.839139803705013,0.01,0.01,0.1
18,-0.006377941527649243,0.5107624026370989,0.9480222410064633,83.57596976121958,1.8861198637852203,9.633616523177707,9.961974024647672,0.013968687636280772,162.8506849646835,23.96051589758114,0.9407064075100335,0.5861940381476093,1.7697807703825037
44,-0.0064609310759444405,0.7258665743457376,0.3760593983346899,97.65825325567722,10.91101429877728,48.66659200470011,23.024269318403505,0.08259954612282529,128.36008427170947,41.78030236137026,0.4821135101859814,0.023004993353841523,0.770711562529467
33,-0.006491271599864042,0.690508062031107,0.7501084524154172,53.55844043822718,32.91615649276913,48.01228173202587,24.118846348870253,0.004199983595733824,143.33051399010253,30.575081485992833,0.9480734519811488,0.22921840698025345,0.607436837400295
30,-0.006724812654988369,0.65012416976695,0.14386282242984127,90.62430145318102,32.95200335435502,48.76227817189903,19.098168339616915,0.09939738943643742,111.48380680787557,33.953426364803676,0.14407362404144822,0.3621481192740423,0.14981527786310925
13,-0.006764677212176978,0.5977147405546595,0.5817775683459845,97.15189896338967,50.96289928791208,12.752540198231722,14.813142051090471,0.0623756161197566,166.65127541228486,13.623526705534635,0.028390440155635424,0.0793219222820301,1.0240557107803605
17,-0.0068014145697053935,0.6950038570706232,0.4865046764298128,62.40949587739746,33.42332736900519,46.38288990861623,27.56201119566462,0.04009268567943194,192.8361930459388,14.56756166742554,0.13506622424524095,0.14372836646626402,1.0607581147861038
12,-0.006925590801248037,0.5222759392723808,0.10838663497698682,26.442387167746197,43.06634984257792,28.42613212065298,0.3767781491754597,0.008125453689259191,193.61888435005304,36.245525405596815,0.2112603023143806,0.2598024871246202,1.5132691227426767
41,-0.007039698598153353,0.713237394250698,0.248148640565783,40.272907321510175,55.9798058815559,46.90655068414559,25.32991402397654,0.09210044491626039,49.440556540506805,9.811521525447498,0.23503663892184187,0.32123284995290996,0.43205516507699204
55,-0.007159270380968843,0.545008921630006,0.339684236573707,59.85844939851112,15.62194345851905,35.074900896311675,29.456320345310203,0.036255344230681226,75.68104745371225,10.104321339669365,0.25090455220885416,0.8111099657375378,1.4705030776163817
23,-0.007542636021812136,0.5992849442135555,0.42727430833868474,37.61789277857019,48.060689433555424,44.11991613960816,27.115268290595576,0.06660926142515096,57.690611095802765,18.880168582752436,0.8563489632704283,0.5324374998456591,1.6241060596087364
60,-0.007577429243545634,0.5796474465690853,0.8653002279216208,49.800652581875845,51.01314553219229,37.09427168166131,12.743110589444635,0.04384284064664562,139.82228754056015,37.56746642257339,0.8328214285000272,0.8977128810152266,0.11058738166028734
20,-0.007596752155793569,0.6576224015476865,0.8929958198166262,59.89643545203087,11.85660189602044,39.60853245744971,18.360974108230312,0.006337017935301543,86.93776760022078,42.348786011098625,0.9194157601977506,0.01039800464244386,1.9558423831590133
32,-0.007655392250366073,0.6238664508811774,0.262910910689139,76.26637926330932,27.961544318705876,3.7895424821436547,15.255536366683126,0.02198405629972392,160.72782772824098,21.35322598289997,0.037329951834958595,0.5974981249699748,1.7032968149692589
49,-0.0076751895915051155,0.6068466188147905,0.7675172239133448,34.320985024911856,44.26145899585922,37.47918450080887,6.641978887575942,0.022197101545244197,43.794845068278,12.838508577121456,0.3833117732152608,0.036361605844705255,0.31074870116505715
7,-0.0077204489951144635,0.634963945882513,0.8959903319778708,45.668663037773015,57.92556278175475,33.508633393103956,18.65090943670163,0.012359851322384145,190.15040544787888,29.74516734139673,0.5826057182432605,0.41405543473366835,0.5503512624617526
39,-0.007743605635286537,0.7668266724856057,0.31515254417466376,91.52341896151455,22.626841987222832,22.246024036385062,15.368829539081613,0.09394976125960162,11.035056222874388,44.4283264997429,0.8921087647494155,0.037014351282294126,1.0918973697797705
36,-0.00774788822450577,0.7390362533589154,0.4745299226356318,81.30051750084611,24.741158671606414,45.32962185683753,1.1119277325162804,0.07761355992932145,29.50006932185907,39.0182461801647,0.02026061872187962,0.5432410097505835,0.1057341175772331
61,-0.007777732781708872,0.6601641195698765,0.05969571781349922,22.550955656827497,50.85978397972303,7.508950740511544,14.48417519170492,0.0330126042996334,108.20101616277742,15.69558276155029,0.3227112476842213,0.21545236588380617,1.9242484837271168
48,-0.007783792211753915,0.6370598875834261,0.5609694605455228,68.81432955765493,21.79334818276812,42.93558999544246,5.851205076512618,0.07498476022286041,61.4725355064411,47.55896079843001,0.4334599560427155,0.8096214250210874,0.7717162390691817
9,-0.007900559078286724,0.845448458758462,0.997325527601029,21.372348292806212,9.091009228103788,46.697177688821014,20.904575162880857,0.007534017099484187,152.31529525748095,46.463190365368554,0.9237942901910186,0.7144095110421871,0.3361148277471129
66,-0.007920225113952422,0.6761999901050355,1.0,72.44336788383899,39.3722898843568,31.659788638314627,9.826737911852263,0.001,122.55497590846882,24.777932119293844,1.0,1.0,0.5829986872005969
6,-0.008154634614816287,0.5696381736253793,0.8075838974208143,42.77929951362569,10.755897629899033,46.447920439405664,10.433041015779223,0.0753303982104794,146.56960714333803,53.58183501631954,0.6274354849850527,0.7534330096870638,0.7629068497579008
28,-0.00847963082260034,0.6621812298630932,0.8730494540237109,85.24741272219661,32.76799496307808,43.463805434159134,28.49418476000966,0.0828142927653048,171.55251154812504,10.43088710011916,0.6547912890175811,0.7064818182711264,1.2594575440285964
51,-0.009183671696076505,0.6420339516097189,0.9873154778610248,99.00959383818582,16.94067165585187,45.34621095486927,13.797680670357526,0.09893705605847619,144.68323221436532,26.530032071221605,0.29003974312623465,0.838402241822689,0.13626179368394384
34,-0.009651127655043008,0.540736982438631,0.42919020983512274,15.356782581811487,38.393418876103155,40.34519863131315,20.904045203555743,0.07685492672650128,71.77855336948636,51.52183156652227,0.4344810872494481,0.8257697717081955,1.2903427013861581
2,-0.009785035440265892,0.9381945761480192,0.8947120568403435,13.079200080128901,3.3042322107400595,9.321690558663876,26.34428728863205,0.01073633654947196,87.11598687598517,57.683924158277605,0.5378336321232869,0.6949583428109686,0.6994796989115195
82,-0.009928827899935535,1.0,1.0,74.22693557607623,1.0,9.696968465839973,2.3285969959787636,0.001,99.24920372302114,46.96391986344575,0.01,1.0,0.1
5,-0.01011860991544424,0.5511672144139129,0.41464193183174874,70.96801498413579,25.436576902087257,3.447719488358271,16.076938587824756,0.0667156698767591,105.40337685137017,56.95271157949473,0.590689490096973,0.9043678961350047,0.36120193787785126
50,-0.010143314417446914,0.5048620190522348,0.7714281244052964,97.57381427889128,50.19148004294055,11.225312823601664,13.374522332442687,0.0661202347362413,172.13131393416248,12.477572385788793,0.2383037967741802,0.6804431605566094,1.7434190710862352
64,-0.010401063226980695,0.684473893913372,0.42074138994418236,70.79191462844064,6.023119534184616,5.374257440933993,22.939787831259522,0.08310198878605064,15.498272852532114,36.9107406342487,0.7020120455851688,0.5415323919723293,0.15101378486637418
54,-0.010600786001977454,0.5698935491792179,0.3359634991683891,53.72281471767404,57.89459198685814,17.48901644730244,6.764544084812816,0.020925873309708753,25.089363507855985,29.7098489364362,0.5914289532781428,0.4711301896787266,0.6811133371164144
76,-0.011853181208272686,0.5139756579798516,0.7631139835075258,72.33617839868816,49.350483620381496,23.438856438635206,25.55725437157476,0.00599844542807586,167.24764516305828,49.791458249067844,0.7548537085537231,0.8451199363263483,1.506783718041573
71,-0.011873347549862787,0.6083961122291336,0.1617164280653833,50.859047241975766,36.694877700048806,45.81240359095577,14.776103086278933,0.08323801854777463,24.42241861328982,33.278805387489314,0.48690021560360147,0.379863705654204,0.5277905299470499
29,-0.012121746964835674,0.8998076308680141,0.03553664865176262,78.1726797827231,44.17198744363209,13.7252212716193,7.712153257734518,0.06359802842558265,72.3330050102609,48.81237729040081,0.4516847696834227,0.7849219206363303,1.9818963888852974
11,-0.012632058939611255,0.780515109627855,0.01962864208357008,81.06010390465855,14.745482156620206,40.54815458532018,11.635880535860746,0.08649064360138345,150.688720333751,35.593212869473035,0.1450906734040782,0.06931851261708954,0.33055256590740095
40,-0.013240127805995813,0.6629949058850126,0.8596298315447203,58.05907233763919,41.72344422160212,23.189821497625335,18.84930829473696,0.029719588317055158,6.822972703470578,36.72157642428999,0.3183297719911382,0.5220949225161186,1.8411711208024057
35,-0.014182314022212043,0.5717115243351225,0.079308512955093,6.741601076735693,4.936774860722031,23.47060687171316,3.4003463488354377,0.0037505515360183256,152.19798887114115,26.71677642533517,0.7494691106514498,0.45788077847898706,0.955164819301446
3,-0.01814050122173218,0.8432504638407918,0.8347910462254755,6.737386347698221,45.25851458175308,49.454193356418244,22.444994814829744,0.028763955214376115,158.90946904804025,10.677430361770313,0.4534145909141461,0.9095095480621646,0.657866881909991
1,-0.018181072959723273,0.6022261248657588,0.8782393189545544,7.601821353802985,40.55758310052573,21.44793531598922,16.760738984389704,0.014898306920928143,43.629790371551366,49.04095127715452,0.9685789599622036,0.3202899363776504,1.4154129697716968
31,-0.019231662949173223,0.5801975897598246,0.7458915555147886,7.887970543234939,22.626042737380917,43.25496638906416,20.78036225744888,0.06940327206455069,41.78417618628562,29.304735441163285,0.5857616332708483,0.9898541905870681,0.48742182794293154
8,-0.020691178524416143,0.951689760281127,0.5741058071856135,5.272681067960102,37.411549903622706,17.005600186832712,15.811790361918053,0.08870826783176668,74.66760320048745,54.96943330058895,0.6271265146338847,0.025663030418090718,1.8659307441131465
70,-0.021175965555780947,0.8640419817003809,0.48305442653828184,5.279333638123658,12.171107059376594,26.850634427057276,16.587651379294854,0.020143289327513185,147.2095915592168,18.679968526833182,0.9128194682359946,0.48800164798290274,1.386674328018517
10,-0.023179553268411913,0.5099400669198978,0.027184775890841558,7.689116361975488,15.526452988579708,43.14136948546151,16.16497804714315,0.055729375889890825,169.19602401012312,11.829532331595113,0.2863918422210281,0.589901678743705,1.9422319218073816
0,-0.02405945613231336,0.7085110023512871,0.7206041689487159,5.010865607647764,18.837621785278547,8.19103865003854,2.770248609204457,0.01943976092638942,72.38434177339431,26.822211082686845,0.5434285666633234,0.4250025692592619,1.401917050753843
4,-0.029741069971406367,0.6438876692931743,0.1308985435461594,6.8398609976782225,41.051296443453566,11.369777684002893,7.966473226500849,0.0496657427687535,15.405696297830675,36.57646830206072,0.15526128915675205,0.5934124815342514,1.4295408840397692
53,-0.038557437670885264,0.7730823526151547,0.010867772092581867,59.56216234850307,49.235163684295,4.842904664395187,26.21350741302314,0.04311144032196509,108.03054199379044,52.13964789408423,0.6491092901868954,0.3663117984412193,1.8518921469992655
85,-0.07732484160369875,0.9555295341120023,0.001,99.6421211809763,39.65039863632455,10.97459197274216,30.0,0.03420137365555992,140.73227050879652,8.96653136220355,0.01,0.01,0.6615987343342677
99,-0.08339094299267875,0.5202290580925485,0.001,35.62364551494697,41.535941940715546,16.778493361849318,5.297840527587695,0.1,171.59355754917655,40.679730520537085,0.01,0.01,0.1
91,-0.08510208956915671,1.0,0.001,92.78571363281999,21.76367367000873,21.200206571741194,0.0001,0.001,45.95385956937129,34.66896278618248,0.01,1.0,1.9164664918571972
