,target,batch_size,lr,module_n_hidden,module_w
65,-0.004348145642628272,48.00473675976582,0.0008840851381600669,219.6260291189308,4.123323477758929
93,-0.004369127796962857,55.3473962319371,0.0005,147.23189871623535,10.0
11,-0.004372510748604934,35.303232210484545,0.0007239467630879526,479.38370657747873,4.348913186989436
99,-0.004646664718165994,32.79193997034483,0.0009851452667365627,480.6384246566478,2.0415025547893713
1,-0.0047590093066294985,36.69618850614762,0.0005461692973843989,110.99270780261216,4.764485816344382
64,-0.004810494448368748,35.83741826079694,0.0007368607998471028,483.29203002347145,2.511406479389869
25,-0.004969533532857895,42.45263685670707,0.0007635290511288047,467.830470648495,4.858158080019998
63,-0.004991488376011451,43.6305866149102,0.0006692267307997012,220.15177108744794,3.270314689941391
60,-0.005013111047446728,53.831833751843064,0.0008693548158370895,402.91562955948166,4.767639876227519
45,-0.005021428766970833,52.15096022469007,0.0006050870049574198,399.9053324067951,2.5322918508329195
5,-0.005138172069564462,57.62382619761718,0.0009841307878596986,175.84633086121386,7.538580925354513
81,-0.00526875932700932,59.48957976383738,0.0006891613420644216,55.138287104901174,9.860333425703075
37,-0.005321511998772621,49.910943425732555,0.0005062779900795579,52.70688264163825,9.738210640002176
54,-0.0053615641469756765,36.50336114036929,0.0005982626354742707,477.21066216986804,2.2827318836453463
59,-0.00543162360554561,33.217664867578954,0.0006049205623150392,112.86553758873823,4.706896272369929
80,-0.005454689729958773,53.729721693949415,0.000715889111479134,55.19157925675894,9.937992347829343
38,-0.005464116421838601,50.17921478143815,0.0006016466173304953,144.68612973086493,7.9506068326007435
68,-0.005645587885131438,40.394574288956,0.0005659618373861707,482.5086424816254,2.081481933208562
56,-0.0057535539381206036,57.05099671164492,0.0008607531680075452,399.6048122226809,2.3142781430997807
28,-0.005754626821726561,61.843054817189234,0.0008484090807449501,49.66008808825187,8.043704420819731
4,-0.005755762880047162,45.35375367574807,0.0007793449142228759,87.59733868356922,3.5848119126790303
98,-0.005793963558971882,46.77952146917272,0.0009532469805501836,465.9389460545875,2.8949703636063147
51,-0.005808186251670122,37.907706932536755,0.0007340808996995974,112.8658747150946,5.968281441682256
92,-0.005837734322994947,50.01901031462313,0.0008000216466019499,149.9186233159202,9.856454029344437
85,-0.0058595941712458926,40.64770789106794,0.0009107283519099434,213.97879503754183,2.8245082575647116
23,-0.005939505062997341,46.3971882713581,0.0007891948071935659,224.1497694082534,3.8962158419442217
13,-0.005950504448264837,38.77209971200189,0.0006327733296861131,266.70231123297253,2.426900360936643
29,-0.006083580199629068,56.124038030759884,0.0009615122677732417,378.87762690052057,2.9941676957773176
14,-0.00611635468279322,50.37176337574442,0.000573364287452905,316.54582382067497,7.598066880167449
61,-0.006139890135576327,50.68787635598069,0.0005708694438076485,403.28979380144625,2.4417394019320664
62,-0.006181501317769289,55.70678604754245,0.0008866544594424916,403.2603628189863,2.107291188300625
57,-0.006353094126097858,34.371311067340336,0.0007608124554553189,111.68395270704424,8.597488197359539
88,-0.006594727902362744,44.733003608730684,0.0005791125478525867,146.9927392548726,8.492345398055235
73,-0.0066262187125782175,46.28428115200374,0.0006028468812462302,468.42147469570244,7.267291710925869
15,-0.006654639883587758,35.27470172249043,0.0007070279939097842,370.14408044115,5.313434156215221
39,-0.006657440836230914,38.253743395498205,0.000790679463636629,510.7101944350393,8.774630411920281
69,-0.006664509574572246,51.692390884874584,0.0005,222.80423359386467,2.0
89,-0.006724095127234857,46.749887504936154,0.000884613453268253,82.92466261961263,6.339913759184021
82,-0.006747646257281303,63.755709313058574,0.0007341206029911592,54.45075448720118,6.413037882230002
27,-0.006896316772326827,54.108701360541566,0.0009986614252257401,103.89365925611756,3.097085997031022
86,-0.0070969052612781525,47.496904751619624,0.0007142494034272118,140.2908099293633,6.370197105548735
18,-0.007127025319884221,36.45684311202427,0.000903695644354762,218.8151868626221,3.322833576935462
50,-0.0072091331239789724,34.20885925829644,0.0007652259276288199,478.7460787931639,5.804656649741786
84,-0.007368728052824736,44.4526840131914,0.0009366997110431967,463.12800871100177,7.176552241476323
12,-0.007390782857934634,41.208810834763156,0.0005650142860591388,25.87714851385151,7.430684263519128
46,-0.007488341381152471,40.33008315451331,0.0009023772818716727,114.65148413789714,7.115687047039521
33,-0.0075158301430443926,49.95296701618272,0.0005093236446864715,424.3226630671143,3.8637941907281634
66,-0.007568896437684695,44.93535362814564,0.000777229250096686,215.89219533988847,6.271925080777652
78,-0.007581106076637904,41.51750256288278,0.0007183240190205672,468.74533750785844,9.543282662497731
36,-0.007643468677997589,33.42566011343237,0.0005537470645530464,131.1117626900059,7.703911843061413
53,-0.007665236946195364,38.88424691986631,0.0008180734454777219,109.83420670462607,7.543807384836938
26,-0.00780654582194984,61.073124829433574,0.0008116800578959014,24.068833851743705,9.43549786995009
22,-0.008000544272363186,53.230127930190335,0.0008108478601045609,74.52044620622135,9.595914069656569
6,-0.008076721569523215,60.044452873473226,0.0009473033317519237,59.37254779858674,2.312438265863059
74,-0.008103747852146626,45.24744023703347,0.0005,471.2297398717109,2.457213447056456
41,-0.008194977107147375,37.0173246286747,0.0005092881010887048,51.71129329680339,5.8907608874962545
67,-0.008372936281375587,32.76727185605172,0.0009212607392477114,106.82059626612522,4.303109639145232
9,-0.008394019212573767,53.96802968581068,0.0009173128359486865,25.32702144553782,8.00115451955974
31,-0.008477191906422377,59.52089435785241,0.0007694155321708264,297.9392091297406,8.736247138876845
90,-0.008648707531392574,50.78291068823425,0.0005454282302793233,87.46766672224499,4.879490520618747
55,-0.00877551268786192,38.64784730211488,0.0008281247983078818,476.6356442487101,5.440124966042121
7,-0.00890442014982303,37.43457342606621,0.0009390712517147066,66.15688525485555,5.368861000040417
87,-0.00895359879359603,53.51322476409959,0.0006923215623103449,142.39837081180747,3.8596879574795864
8,-0.009052788373082876,62.65246496481606,0.0007665826424865086,368.8573281147414,4.524125048048504
10,-0.00907693849876523,63.64355484500783,0.0008740828271899197,159.02643595284664,8.314234627611908
83,-0.009473084006458521,56.61067625630106,0.000832004886325882,59.827710195095904,8.492626904250127
47,-0.009600959407786528,48.78944989195948,0.0009624039851996754,150.2813529484266,2.5276887254721903
42,-0.009642776101827621,51.40254277290657,0.0007844257185432407,177.854828754302,9.908929235299592
75,-0.009726321324706078,59.18734344895365,0.0006825071015348447,171.37073464186471,9.771260270530327
77,-0.00987612052510182,50.16856089027817,0.0005109509080380566,216.15904166066068,2.2862816422631473
91,-0.010003236122429371,41.56653016868245,0.0009038360428045926,82.44836513541969,3.3068300869481737
97,-0.010267952146629492,46.93388113535199,0.0008822401437153504,80.86277848386274,2.065156916131193
32,-0.010539316572248936,35.97354608383716,0.0006395918395055698,314.7372284437268,9.756765986557397
17,-0.010540923569351435,62.22703219170603,0.0007932775202509965,476.7349767968206,3.0997976331699
79,-0.010670950170606375,59.18550774242756,0.000990846220334355,177.51271769895337,3.1465341181777067
52,-0.010746895025173822,38.62157227896411,0.0005990583775880654,112.46614161698413,2.9441703345652908
30,-0.011446518125012517,32.63616428287346,0.0005131054934388597,30.43630889060525,3.969688540824367
95,-0.011564990039914846,57.83539450861426,0.0005493327051960342,142.5447401578061,8.245501511266937
35,-0.011568961044152578,49.799687487693404,0.0005682276128303425,46.558021651227946,2.970747645925899
70,-0.012300720127920309,38.267841894311395,0.000991294318667875,484.2197971530596,7.390493233903151
20,-0.012790004722774029,60.26579491858591,0.0008118361035278044,398.98064135394196,4.79118673582274
3,-0.013117815367877483,38.54247199140856,0.0009390587181954727,29.967672530942345,7.363740081427218
24,-0.013205376919358969,60.908144657992125,0.000786839743336143,17.463866785891074,6.937159308965791
0,-0.013549186289310455,45.34470415048237,0.000860162246721079,16.05833115684589,4.418660581054718
44,-0.013968390878289938,53.41545259050191,0.0006324597788314047,49.8307655585052,4.96067358331285
72,-0.015189425398906073,37.97381934911236,0.0009682845490838165,466.5315818975953,2.3388933467511146
76,-0.01568767335265875,46.407249903061285,0.0009881540127254494,220.46250487151113,8.751004543990856
21,-0.016120086424052715,40.637692536480834,0.0009479431090980335,234.3265068343604,9.718720377187084
48,-0.01635538786649704,55.52211082523742,0.0008860890147716234,478.98608477679727,9.455776553574697
49,-0.016784592997282743,32.446450335219104,0.0006171810430607102,330.5569620708454,9.59213056550093
94,-0.019339926540851593,56.37626246758411,0.0006740308264784573,152.59727917355232,8.163398592228667
58,-0.0210327859967947,54.53335043624947,0.0006551089886728358,396.04137752635773,3.6937073229004156
43,-0.021840253844857216,50.551847015865505,0.0006900705863117753,296.9835917501274,7.962675447252017
71,-0.021999552845954895,44.53311930664901,0.0006182913119633115,54.845837070307084,9.468631786603627
40,-0.023953750108679134,39.67512829272276,0.000746884857134365,332.17741637450365,8.63184719640143
2,-0.02512213836113612,44.69655917538144,0.0007694083670016785,229.78920234568034,7.481756003174076
96,-0.02900858533879121,43.58795528181233,0.0007371206496861811,88.29772918597946,8.174690221932899
16,-0.03081483393907547,33.59851068627479,0.0007679482029577558,354.5352690620923,6.1191128964664685
19,-0.03975687548518181,61.680274572673085,0.0006738829298727532,398.9141725994393,7.807983882803612
34,-0.04151063598692417,57.82736625980093,0.0006939303220320858,456.4063458253086,7.976973141897477
